# Renovación del Consejo Escolar 2018-2019
# 06/11/18
# Colectivo de alumnado
2
3
1
2 3
4
1 2 
N
2 3
B
2 3 
N
2 3
N
2 3
2 3
N
4
3 4
2 4
3
4
2
4
2 4
B
2 3
3 4
3 4
3 4
3 
1
4
3 4
B
2 4
3 4
1 2
3
2 
3 4
2 3
1
2 4
2 4
B
B
3
2
1 4
4
3 4
1 4
2 4
2 3
2 4
2
N
2 4
4
2 4
3 4
1 3
3 4
4
1 4
3 4
3 4
4
2 4
1 4
B
2 4
2 4
3
4
B
4
1
1 3
1 2
1 4
2 4
4
2 4
2 4
4
2 4
1 3
2 4
4
3 4
3
2 4
1 4
2 4
2 4
1 4
2 4
1 4
2 4
4
2
4
1 4
1 4
1 4
4
1 4
B
3 4
4
1 4
4
B
1 3
1 3
4
1 4
1 3
1 4
4
4
4
2 4
1 4
1 3
4
3 4
2 3
4
4
2 4
4
4
2 4
4
4
4
2 3
3 4
3 4
4
2 4
2 4
2 4
4
4
4
1 4
2 4
4
3 4
4
3
4
4
2 4
1 4
2
4
2 4
B
B
2 4
B
2 3
1 4
2 
4
4
1 4
4
3 4
1 4
2 3
B
2
4
3
2 4
4
1 3
1 4
4
1 3
4
1 3
B
1 3
2 4
2 4
2 4
B
1 2
4
4
1 4
4
1 2 
2 4
1 4
2 3
4
1 4
1
4
2
2 4
2 4
2 4
2 3
2 4
2 4
2 4
2 4
4
1 3
3 4
1 4
N
2 4
2 4
4
1
1 4
3 4
2 4
2 4
2 3
1 4
3 4
4
2 4
2 4
2 4
3 4
B
4
1 4
1
3 4
2 4
4
3 4
1 3
3 4
2 4
4
2 4
1 4
2 3 
4 2 
2 4
3 4
3 4
2 4
4
4
2 3
B
1 3
2 4
2
3 4
4
4
1 4
1 4
2 4
2 4
1 3
3
1 4
N
1 2 
2 4 
4 
1 3
3 4
3 4
1
2
3
4
2 4
4
1 3
1 4
2 4
3 4
2 4
4
1 4
1 3
4
1 3
4
2 4
4
1 4
2 4
4
2
3 4
3 4
4
2 3
1 4
3
1 4
2 3
3 4
1 3
2
1 4
4
2 4
2
4
4
2
4
2
4
2
1 4
4
1 4
2 4
2 4
3 4
3
2 4
2
4
1 2
2 4
4
3
1 4
4
2
3 4
4
4
1 4
2 3
B
3 4
1 4
4
2 3
4
1 3
3 4
3 4
4
2 4
4
4
1 4
3 4
2
2 3
2
1 3
4
4
1 4
2 3
1
1
2
2 4
2 4
4
4
B
1 2
1 4
3 4
4
1 4
4
1 4
4
3 4
1 4
3 4
2 4
4
1 4
1 4
1 4
2 4
2
3 4
1
4
2 4
4
4
2 4
2 4
4
1 2
4
2 4
2 3
2 3
4
2 4
1 4
1 2
1 4
1 4
2
3 4
4
2 4
4
4
4
2 4
2
2
3 4
2 4
B
2 4
4
3 4
1 4
3 4
4
3 4
3
B
3 4
4
4
1 4
B
2 4
3 4
1 4
2 4
2
2 4
2 4
4
2 3
2 4
3 4
3
4
1 3
N
2 4
1 3
1 4
4
3 4
2 4
2
1 3
4 
2 3
3 4
1 4
3 4
1
1 4
3 4
1 3
2 3
2
2 4
3 4
3 4
2
3 4
2 4
1 4
2 3
B
3 4
3 4
3 4
2
2 3
1 4
4
4
3 4
1 4
1
1 3
2 3
2 3
4
2 4
4
2 4
1 4
1 4
2
3 4
3 4
1 4
1 3
4
3
2 4
4
2 4
1 4
B
3 4
4
4
2 4
1 4
3 4
1 4
4
4
B
3
1
1 4
1 4
1 3
1 4
1 2
2 4
2 4
3 4
1 4
4
4
1 4
2 4
2
3 4
3
1
3
3
4
1 4
4
1
3 4
4
1 2
1 
B
1 4
3 4
1 4
4
3 4
1 4 
3 4
1 2
4
2 4
3 4
2 4
3 4
2
2
1
2 3
4
4
1 4
1 4
1 4
3 4
1 3
1 4
2
1 4
B
B
4
2
1 3
1 4
3 4
1 4
2 4
1 4
4
4
1 4
1 4
3 4
1 4
3
1 4
3 4
1 4
4
2 4
3 4
1 4
2 4
2 4
4
B
4
1
1 2
1
3 4
2 4
